&input
  asr = 'crystal'
  flfrc = 'si.fc'
  dos=.false.
/
46
0.50    0.50     0.50
0.48    0.48     0.48
0.46    0.46     0.46
0.44    0.44     0.44
0.42    0.42     0.42
0.40    0.40     0.40
0.38    0.38     0.38
0.36    0.36     0.36
0.34    0.34     0.34
0.32    0.32     0.32
0.30    0.30     0.30
0.28    0.28     0.28
0.26    0.26     0.26
0.24    0.24     0.24
0.22    0.22     0.22
0.20    0.20     0.20
0.18    0.18     0.18
0.16    0.16     0.16
0.14    0.14     0.14
0.12    0.12     0.12
0.10    0.10     0.10
0.08    0.08     0.08
0.06    0.06     0.06
0.04    0.04     0.04
0.02    0.02     0.02
0.00    0.00     0.00
0.00    0.00     0.05
0.00    0.00     0.10
0.00    0.00     0.15
0.00    0.00     0.20
0.00    0.00     0.25
0.00    0.00     0.30
0.00    0.00     0.35
0.00    0.00     0.40
0.00    0.00     0.45
0.00    0.00     0.50
0.00    0.00     0.55
0.00    0.00     0.60
0.00    0.00     0.65
0.00    0.00     0.70
0.00    0.00     0.75
0.00    0.00     0.80
0.00    0.00     0.85
0.00    0.00     0.90
0.00    0.00     0.95
0.00    0.00     1.00
